ans =

   -1.31326  -34.65736       -Inf
   -1.31326  -30.28791       -Inf
   -1.31326  -36.04365       -Inf
   -0.00000        NaN        NaN
   -0.00000        NaN        NaN
   -1.31326       -Inf       -Inf
   -0.00000        NaN        NaN
   -0.00000        NaN        NaN
   -0.00000        NaN        NaN
   -0.00000        NaN        NaN
   -1.31326       -Inf       -Inf
   -1.31326       -Inf  -30.60124
   -0.00000        NaN        NaN
   -0.00000        NaN        NaN
   -1.31326       -Inf       -Inf
   -0.00000        NaN        NaN
   -0.00000        NaN        NaN
   -1.31326       -Inf       -Inf
   -0.00000        NaN        NaN
   -0.00000        NaN        NaN
   -1.31326       -Inf       -Inf
   -0.00000        NaN        NaN
   -1.31326       -Inf       -Inf
   -1.31326  -34.25189       -Inf
   -0.00000        NaN        NaN
   -0.00000        NaN        NaN
   -0.00000        NaN        NaN
   -1.31326       -Inf       -Inf
   -1.31326       -Inf       -Inf
   -1.31326       -Inf       -Inf
   -0.00000        NaN        NaN
   -0.00000        NaN        NaN
   -1.31326       -Inf       -Inf
   -0.00000        NaN        NaN
   -1.31326       -Inf       -Inf
   -1.31326       -Inf       -Inf
   -1.31326  -33.96421       -Inf
   -0.00000        NaN        NaN
   -1.31326       -Inf       -Inf
   -1.31326  -34.25189       -Inf
   -0.00000        NaN        NaN
   -1.31326       -Inf       -Inf
   -0.00000        NaN        NaN
   -1.31326       -Inf       -Inf
   -1.31326       -Inf       -Inf
   -1.31326       -Inf       -Inf
   -0.00000        NaN        NaN
   -0.00000        NaN        NaN
   -0.00000        NaN        NaN
   -0.00000        NaN        NaN
   -0.00000        NaN        NaN
   -0.00000        NaN        NaN
   -0.00000        NaN        NaN
   -1.31326  -34.43422       -Inf
   -1.31326       -Inf       -Inf
   -1.31326       -Inf       -Inf
   -0.00000        NaN        NaN
   -1.31326  -32.57792       -Inf
   -0.00000        NaN        NaN
   -0.00000        NaN        NaN
   -0.00000        NaN        NaN
   -1.31326  -35.35051       -Inf
   -1.31326       -Inf       -Inf
   -1.31326  -30.05972       -Inf
   -1.31326       -Inf       -Inf
   -1.31326       -Inf       -Inf
   -0.00000        NaN        NaN
   -1.31326       -Inf       -Inf
   -0.00000        NaN        NaN
   -0.00000        NaN        NaN
   -1.31326  -32.71145       -Inf
   -0.00000        NaN        NaN
   -0.00000        NaN        NaN
   -0.00000        NaN        NaN
   -0.00000        NaN        NaN
   -0.00000        NaN        NaN
   -0.00000        NaN        NaN
   -0.00000        NaN        NaN
   -1.31326       -Inf       -Inf
   -1.31326       -Inf       -Inf
   -0.00000        NaN        NaN
   -0.00000        NaN        NaN
   -0.00000        NaN        NaN
   -0.00000        NaN        NaN
   -0.00000        NaN        NaN
   -0.00000        NaN        NaN
   -1.31326       -Inf       -Inf
   -0.00000        NaN        NaN
   -0.00000        NaN        NaN
   -1.31326       -Inf       -Inf
   -0.00000        NaN        NaN
   -0.00000        NaN        NaN
   -1.31326       -Inf  -35.35051
   -0.00000        NaN        NaN
   -0.00000        NaN        NaN
   -0.00000        NaN        NaN
   -0.00000        NaN        NaN
   -0.00000        NaN        NaN
   -0.00000        NaN        NaN
   -0.00000        NaN        NaN

